# wpl OnsetT
2496.34000   46.30641
2528.76000   46.29570
2561.18000   46.27190
2593.60000   46.23445
2626.02000   46.18284
2658.44000   46.11667
2690.86000   46.03571
2723.28000   45.93992
2755.70000   45.82957
2788.12000   45.70535
2820.54000   45.56844
2852.96000   45.42061
2885.38000   45.26437
2917.80000   45.10299
2950.22000   44.94057
2982.64000   44.78200
3015.06000   44.63282
3047.48000   44.49907
3079.90000   44.38689
3112.32000   44.30221
3144.74000   44.25024
3177.16000   44.23508
3209.58000   44.25931
3242.00000   44.32376
3274.42000   44.42743
3306.84000   44.56759
3339.26000   44.74002
3371.68000   44.93943
3404.10000   45.15983
3436.52000   45.39505
3468.94000   45.63909
3501.36000   45.88645
3533.78000   46.13235
3566.20000   46.37286
3598.62000   46.60492
3631.04000   46.82630
3663.46000   47.03552
3695.88000   47.23176
3728.30000   47.41470
3760.72000   47.58442
3793.14000   47.74130
3825.56000   47.88594
3857.98000   48.01903
3890.40000   48.14137
3922.82000   48.25375
3955.24000   48.35698
3987.66000   48.45184
4020.08000   48.53907
4052.50000   48.61934
4084.92000   48.69329
4117.34000   48.76150
4149.76000   48.82451
4182.18000   48.88278
